{
 "cells": [
  {
   "cell_type": "code",
   "execution_count": 1,
   "metadata": {},
   "outputs": [],
   "source": [
    "import pandas as pd\n",
    "import numpy as np\n",
    "import matplotlib.pyplot as plt\n",
    "import seaborn as sns\n",
    "from sklearn.linear_model import LinearRegression\n",
    "from sklearn.linear_model import RidgeCV\n",
    "from sklearn.linear_model import LassoCV\n",
    "from sklearn.linear_model import ElasticNetCV\n",
    "from sklearn.model_selection import train_test_split\n",
    "from sklearn.metrics import mean_absolute_error, r2_score\n",
    "from sklearn.preprocessing import StandardScaler\n",
    "import pickle "
   ]
  },
  {
   "cell_type": "code",
   "execution_count": 2,
   "id": "2263443a",
   "metadata": {},
   "outputs": [
    {
     "ename": "FileNotFoundError",
     "evalue": "[Errno 2] No such file or directory: 'Algerian_forest_fires_cleaned_dataset.csv'",
     "output_type": "error",
     "traceback": [
      "\u001b[31m---------------------------------------------------------------------------\u001b[39m",
      "\u001b[31mFileNotFoundError\u001b[39m                         Traceback (most recent call last)",
      "\u001b[36mCell\u001b[39m\u001b[36m \u001b[39m\u001b[32mIn[2]\u001b[39m\u001b[32m, line 2\u001b[39m\n\u001b[32m      1\u001b[39m \u001b[38;5;66;03m##Load the cleaned dataset\u001b[39;00m\n\u001b[32m----> \u001b[39m\u001b[32m2\u001b[39m df = \u001b[43mpd\u001b[49m\u001b[43m.\u001b[49m\u001b[43mread_csv\u001b[49m\u001b[43m(\u001b[49m\u001b[33;43m'\u001b[39;49m\u001b[33;43mAlgerian_forest_fires_cleaned_dataset.csv\u001b[39;49m\u001b[33;43m'\u001b[39;49m\u001b[43m)\u001b[49m\n\u001b[32m      3\u001b[39m df.head()\n",
      "\u001b[36mFile \u001b[39m\u001b[32mf:\\Conda\\Lib\\site-packages\\pandas\\io\\parsers\\readers.py:1026\u001b[39m, in \u001b[36mread_csv\u001b[39m\u001b[34m(filepath_or_buffer, sep, delimiter, header, names, index_col, usecols, dtype, engine, converters, true_values, false_values, skipinitialspace, skiprows, skipfooter, nrows, na_values, keep_default_na, na_filter, verbose, skip_blank_lines, parse_dates, infer_datetime_format, keep_date_col, date_parser, date_format, dayfirst, cache_dates, iterator, chunksize, compression, thousands, decimal, lineterminator, quotechar, quoting, doublequote, escapechar, comment, encoding, encoding_errors, dialect, on_bad_lines, delim_whitespace, low_memory, memory_map, float_precision, storage_options, dtype_backend)\u001b[39m\n\u001b[32m   1013\u001b[39m kwds_defaults = _refine_defaults_read(\n\u001b[32m   1014\u001b[39m     dialect,\n\u001b[32m   1015\u001b[39m     delimiter,\n\u001b[32m   (...)\u001b[39m\u001b[32m   1022\u001b[39m     dtype_backend=dtype_backend,\n\u001b[32m   1023\u001b[39m )\n\u001b[32m   1024\u001b[39m kwds.update(kwds_defaults)\n\u001b[32m-> \u001b[39m\u001b[32m1026\u001b[39m \u001b[38;5;28;01mreturn\u001b[39;00m \u001b[43m_read\u001b[49m\u001b[43m(\u001b[49m\u001b[43mfilepath_or_buffer\u001b[49m\u001b[43m,\u001b[49m\u001b[43m \u001b[49m\u001b[43mkwds\u001b[49m\u001b[43m)\u001b[49m\n",
      "\u001b[36mFile \u001b[39m\u001b[32mf:\\Conda\\Lib\\site-packages\\pandas\\io\\parsers\\readers.py:620\u001b[39m, in \u001b[36m_read\u001b[39m\u001b[34m(filepath_or_buffer, kwds)\u001b[39m\n\u001b[32m    617\u001b[39m _validate_names(kwds.get(\u001b[33m\"\u001b[39m\u001b[33mnames\u001b[39m\u001b[33m\"\u001b[39m, \u001b[38;5;28;01mNone\u001b[39;00m))\n\u001b[32m    619\u001b[39m \u001b[38;5;66;03m# Create the parser.\u001b[39;00m\n\u001b[32m--> \u001b[39m\u001b[32m620\u001b[39m parser = \u001b[43mTextFileReader\u001b[49m\u001b[43m(\u001b[49m\u001b[43mfilepath_or_buffer\u001b[49m\u001b[43m,\u001b[49m\u001b[43m \u001b[49m\u001b[43m*\u001b[49m\u001b[43m*\u001b[49m\u001b[43mkwds\u001b[49m\u001b[43m)\u001b[49m\n\u001b[32m    622\u001b[39m \u001b[38;5;28;01mif\u001b[39;00m chunksize \u001b[38;5;129;01mor\u001b[39;00m iterator:\n\u001b[32m    623\u001b[39m     \u001b[38;5;28;01mreturn\u001b[39;00m parser\n",
      "\u001b[36mFile \u001b[39m\u001b[32mf:\\Conda\\Lib\\site-packages\\pandas\\io\\parsers\\readers.py:1620\u001b[39m, in \u001b[36mTextFileReader.__init__\u001b[39m\u001b[34m(self, f, engine, **kwds)\u001b[39m\n\u001b[32m   1617\u001b[39m     \u001b[38;5;28mself\u001b[39m.options[\u001b[33m\"\u001b[39m\u001b[33mhas_index_names\u001b[39m\u001b[33m\"\u001b[39m] = kwds[\u001b[33m\"\u001b[39m\u001b[33mhas_index_names\u001b[39m\u001b[33m\"\u001b[39m]\n\u001b[32m   1619\u001b[39m \u001b[38;5;28mself\u001b[39m.handles: IOHandles | \u001b[38;5;28;01mNone\u001b[39;00m = \u001b[38;5;28;01mNone\u001b[39;00m\n\u001b[32m-> \u001b[39m\u001b[32m1620\u001b[39m \u001b[38;5;28mself\u001b[39m._engine = \u001b[38;5;28;43mself\u001b[39;49m\u001b[43m.\u001b[49m\u001b[43m_make_engine\u001b[49m\u001b[43m(\u001b[49m\u001b[43mf\u001b[49m\u001b[43m,\u001b[49m\u001b[43m \u001b[49m\u001b[38;5;28;43mself\u001b[39;49m\u001b[43m.\u001b[49m\u001b[43mengine\u001b[49m\u001b[43m)\u001b[49m\n",
      "\u001b[36mFile \u001b[39m\u001b[32mf:\\Conda\\Lib\\site-packages\\pandas\\io\\parsers\\readers.py:1880\u001b[39m, in \u001b[36mTextFileReader._make_engine\u001b[39m\u001b[34m(self, f, engine)\u001b[39m\n\u001b[32m   1878\u001b[39m     \u001b[38;5;28;01mif\u001b[39;00m \u001b[33m\"\u001b[39m\u001b[33mb\u001b[39m\u001b[33m\"\u001b[39m \u001b[38;5;129;01mnot\u001b[39;00m \u001b[38;5;129;01min\u001b[39;00m mode:\n\u001b[32m   1879\u001b[39m         mode += \u001b[33m\"\u001b[39m\u001b[33mb\u001b[39m\u001b[33m\"\u001b[39m\n\u001b[32m-> \u001b[39m\u001b[32m1880\u001b[39m \u001b[38;5;28mself\u001b[39m.handles = \u001b[43mget_handle\u001b[49m\u001b[43m(\u001b[49m\n\u001b[32m   1881\u001b[39m \u001b[43m    \u001b[49m\u001b[43mf\u001b[49m\u001b[43m,\u001b[49m\n\u001b[32m   1882\u001b[39m \u001b[43m    \u001b[49m\u001b[43mmode\u001b[49m\u001b[43m,\u001b[49m\n\u001b[32m   1883\u001b[39m \u001b[43m    \u001b[49m\u001b[43mencoding\u001b[49m\u001b[43m=\u001b[49m\u001b[38;5;28;43mself\u001b[39;49m\u001b[43m.\u001b[49m\u001b[43moptions\u001b[49m\u001b[43m.\u001b[49m\u001b[43mget\u001b[49m\u001b[43m(\u001b[49m\u001b[33;43m\"\u001b[39;49m\u001b[33;43mencoding\u001b[39;49m\u001b[33;43m\"\u001b[39;49m\u001b[43m,\u001b[49m\u001b[43m \u001b[49m\u001b[38;5;28;43;01mNone\u001b[39;49;00m\u001b[43m)\u001b[49m\u001b[43m,\u001b[49m\n\u001b[32m   1884\u001b[39m \u001b[43m    \u001b[49m\u001b[43mcompression\u001b[49m\u001b[43m=\u001b[49m\u001b[38;5;28;43mself\u001b[39;49m\u001b[43m.\u001b[49m\u001b[43moptions\u001b[49m\u001b[43m.\u001b[49m\u001b[43mget\u001b[49m\u001b[43m(\u001b[49m\u001b[33;43m\"\u001b[39;49m\u001b[33;43mcompression\u001b[39;49m\u001b[33;43m\"\u001b[39;49m\u001b[43m,\u001b[49m\u001b[43m \u001b[49m\u001b[38;5;28;43;01mNone\u001b[39;49;00m\u001b[43m)\u001b[49m\u001b[43m,\u001b[49m\n\u001b[32m   1885\u001b[39m \u001b[43m    \u001b[49m\u001b[43mmemory_map\u001b[49m\u001b[43m=\u001b[49m\u001b[38;5;28;43mself\u001b[39;49m\u001b[43m.\u001b[49m\u001b[43moptions\u001b[49m\u001b[43m.\u001b[49m\u001b[43mget\u001b[49m\u001b[43m(\u001b[49m\u001b[33;43m\"\u001b[39;49m\u001b[33;43mmemory_map\u001b[39;49m\u001b[33;43m\"\u001b[39;49m\u001b[43m,\u001b[49m\u001b[43m \u001b[49m\u001b[38;5;28;43;01mFalse\u001b[39;49;00m\u001b[43m)\u001b[49m\u001b[43m,\u001b[49m\n\u001b[32m   1886\u001b[39m \u001b[43m    \u001b[49m\u001b[43mis_text\u001b[49m\u001b[43m=\u001b[49m\u001b[43mis_text\u001b[49m\u001b[43m,\u001b[49m\n\u001b[32m   1887\u001b[39m \u001b[43m    \u001b[49m\u001b[43merrors\u001b[49m\u001b[43m=\u001b[49m\u001b[38;5;28;43mself\u001b[39;49m\u001b[43m.\u001b[49m\u001b[43moptions\u001b[49m\u001b[43m.\u001b[49m\u001b[43mget\u001b[49m\u001b[43m(\u001b[49m\u001b[33;43m\"\u001b[39;49m\u001b[33;43mencoding_errors\u001b[39;49m\u001b[33;43m\"\u001b[39;49m\u001b[43m,\u001b[49m\u001b[43m \u001b[49m\u001b[33;43m\"\u001b[39;49m\u001b[33;43mstrict\u001b[39;49m\u001b[33;43m\"\u001b[39;49m\u001b[43m)\u001b[49m\u001b[43m,\u001b[49m\n\u001b[32m   1888\u001b[39m \u001b[43m    \u001b[49m\u001b[43mstorage_options\u001b[49m\u001b[43m=\u001b[49m\u001b[38;5;28;43mself\u001b[39;49m\u001b[43m.\u001b[49m\u001b[43moptions\u001b[49m\u001b[43m.\u001b[49m\u001b[43mget\u001b[49m\u001b[43m(\u001b[49m\u001b[33;43m\"\u001b[39;49m\u001b[33;43mstorage_options\u001b[39;49m\u001b[33;43m\"\u001b[39;49m\u001b[43m,\u001b[49m\u001b[43m \u001b[49m\u001b[38;5;28;43;01mNone\u001b[39;49;00m\u001b[43m)\u001b[49m\u001b[43m,\u001b[49m\n\u001b[32m   1889\u001b[39m \u001b[43m\u001b[49m\u001b[43m)\u001b[49m\n\u001b[32m   1890\u001b[39m \u001b[38;5;28;01massert\u001b[39;00m \u001b[38;5;28mself\u001b[39m.handles \u001b[38;5;129;01mis\u001b[39;00m \u001b[38;5;129;01mnot\u001b[39;00m \u001b[38;5;28;01mNone\u001b[39;00m\n\u001b[32m   1891\u001b[39m f = \u001b[38;5;28mself\u001b[39m.handles.handle\n",
      "\u001b[36mFile \u001b[39m\u001b[32mf:\\Conda\\Lib\\site-packages\\pandas\\io\\common.py:873\u001b[39m, in \u001b[36mget_handle\u001b[39m\u001b[34m(path_or_buf, mode, encoding, compression, memory_map, is_text, errors, storage_options)\u001b[39m\n\u001b[32m    868\u001b[39m \u001b[38;5;28;01melif\u001b[39;00m \u001b[38;5;28misinstance\u001b[39m(handle, \u001b[38;5;28mstr\u001b[39m):\n\u001b[32m    869\u001b[39m     \u001b[38;5;66;03m# Check whether the filename is to be opened in binary mode.\u001b[39;00m\n\u001b[32m    870\u001b[39m     \u001b[38;5;66;03m# Binary mode does not support 'encoding' and 'newline'.\u001b[39;00m\n\u001b[32m    871\u001b[39m     \u001b[38;5;28;01mif\u001b[39;00m ioargs.encoding \u001b[38;5;129;01mand\u001b[39;00m \u001b[33m\"\u001b[39m\u001b[33mb\u001b[39m\u001b[33m\"\u001b[39m \u001b[38;5;129;01mnot\u001b[39;00m \u001b[38;5;129;01min\u001b[39;00m ioargs.mode:\n\u001b[32m    872\u001b[39m         \u001b[38;5;66;03m# Encoding\u001b[39;00m\n\u001b[32m--> \u001b[39m\u001b[32m873\u001b[39m         handle = \u001b[38;5;28;43mopen\u001b[39;49m\u001b[43m(\u001b[49m\n\u001b[32m    874\u001b[39m \u001b[43m            \u001b[49m\u001b[43mhandle\u001b[49m\u001b[43m,\u001b[49m\n\u001b[32m    875\u001b[39m \u001b[43m            \u001b[49m\u001b[43mioargs\u001b[49m\u001b[43m.\u001b[49m\u001b[43mmode\u001b[49m\u001b[43m,\u001b[49m\n\u001b[32m    876\u001b[39m \u001b[43m            \u001b[49m\u001b[43mencoding\u001b[49m\u001b[43m=\u001b[49m\u001b[43mioargs\u001b[49m\u001b[43m.\u001b[49m\u001b[43mencoding\u001b[49m\u001b[43m,\u001b[49m\n\u001b[32m    877\u001b[39m \u001b[43m            \u001b[49m\u001b[43merrors\u001b[49m\u001b[43m=\u001b[49m\u001b[43merrors\u001b[49m\u001b[43m,\u001b[49m\n\u001b[32m    878\u001b[39m \u001b[43m            \u001b[49m\u001b[43mnewline\u001b[49m\u001b[43m=\u001b[49m\u001b[33;43m\"\u001b[39;49m\u001b[33;43m\"\u001b[39;49m\u001b[43m,\u001b[49m\n\u001b[32m    879\u001b[39m \u001b[43m        \u001b[49m\u001b[43m)\u001b[49m\n\u001b[32m    880\u001b[39m     \u001b[38;5;28;01melse\u001b[39;00m:\n\u001b[32m    881\u001b[39m         \u001b[38;5;66;03m# Binary mode\u001b[39;00m\n\u001b[32m    882\u001b[39m         handle = \u001b[38;5;28mopen\u001b[39m(handle, ioargs.mode)\n",
      "\u001b[31mFileNotFoundError\u001b[39m: [Errno 2] No such file or directory: 'Algerian_forest_fires_cleaned_dataset.csv'"
     ]
    }
   ],
   "source": [
    "##Load the cleaned dataset\n",
    "df = pd.read_csv('Algerian_forest_fires_cleaned_dataset.csv')\n",
    "df.head()\n"
   ]
  },
  {
   "cell_type": "code",
   "execution_count": null,
   "id": "d5fd0dbd",
   "metadata": {},
   "outputs": [
    {
     "name": "stdout",
     "output_type": "stream",
     "text": [
      "<class 'pandas.core.frame.DataFrame'>\n",
      "RangeIndex: 243 entries, 0 to 242\n",
      "Data columns (total 15 columns):\n",
      " #   Column       Non-Null Count  Dtype  \n",
      "---  ------       --------------  -----  \n",
      " 0   day          243 non-null    int64  \n",
      " 1   month        243 non-null    int64  \n",
      " 2   year         243 non-null    int64  \n",
      " 3   Temperature  243 non-null    int64  \n",
      " 4   RH           243 non-null    int64  \n",
      " 5   Ws           243 non-null    int64  \n",
      " 6   Rain         243 non-null    float64\n",
      " 7   FFMC         243 non-null    float64\n",
      " 8   DMC          243 non-null    float64\n",
      " 9   DC           243 non-null    float64\n",
      " 10  ISI          243 non-null    float64\n",
      " 11  BUI          243 non-null    float64\n",
      " 12  FWI          243 non-null    float64\n",
      " 13  Classes      243 non-null    object \n",
      " 14  Region       243 non-null    int64  \n",
      "dtypes: float64(7), int64(7), object(1)\n",
      "memory usage: 28.6+ KB\n"
     ]
    }
   ],
   "source": [
    "df.info()"
   ]
  },
  {
   "cell_type": "code",
   "execution_count": null,
   "id": "4c3553d5",
   "metadata": {},
   "outputs": [
    {
     "data": {
      "text/html": [
       "<div>\n",
       "<style scoped>\n",
       "    .dataframe tbody tr th:only-of-type {\n",
       "        vertical-align: middle;\n",
       "    }\n",
       "\n",
       "    .dataframe tbody tr th {\n",
       "        vertical-align: top;\n",
       "    }\n",
       "\n",
       "    .dataframe thead th {\n",
       "        text-align: right;\n",
       "    }\n",
       "</style>\n",
       "<table border=\"1\" class=\"dataframe\">\n",
       "  <thead>\n",
       "    <tr style=\"text-align: right;\">\n",
       "      <th></th>\n",
       "      <th>day</th>\n",
       "      <th>month</th>\n",
       "      <th>year</th>\n",
       "      <th>Temperature</th>\n",
       "      <th>RH</th>\n",
       "      <th>Ws</th>\n",
       "      <th>Rain</th>\n",
       "      <th>FFMC</th>\n",
       "      <th>DMC</th>\n",
       "      <th>DC</th>\n",
       "      <th>ISI</th>\n",
       "      <th>BUI</th>\n",
       "      <th>FWI</th>\n",
       "      <th>Region</th>\n",
       "    </tr>\n",
       "  </thead>\n",
       "  <tbody>\n",
       "    <tr>\n",
       "      <th>count</th>\n",
       "      <td>243.000000</td>\n",
       "      <td>243.000000</td>\n",
       "      <td>243.0</td>\n",
       "      <td>243.000000</td>\n",
       "      <td>243.000000</td>\n",
       "      <td>243.000000</td>\n",
       "      <td>243.000000</td>\n",
       "      <td>243.000000</td>\n",
       "      <td>243.000000</td>\n",
       "      <td>243.000000</td>\n",
       "      <td>243.000000</td>\n",
       "      <td>243.000000</td>\n",
       "      <td>243.000000</td>\n",
       "      <td>243.000000</td>\n",
       "    </tr>\n",
       "    <tr>\n",
       "      <th>mean</th>\n",
       "      <td>15.761317</td>\n",
       "      <td>7.502058</td>\n",
       "      <td>2012.0</td>\n",
       "      <td>32.152263</td>\n",
       "      <td>62.041152</td>\n",
       "      <td>15.493827</td>\n",
       "      <td>0.762963</td>\n",
       "      <td>77.842387</td>\n",
       "      <td>14.680658</td>\n",
       "      <td>49.430864</td>\n",
       "      <td>4.742387</td>\n",
       "      <td>16.690535</td>\n",
       "      <td>7.035391</td>\n",
       "      <td>0.497942</td>\n",
       "    </tr>\n",
       "    <tr>\n",
       "      <th>std</th>\n",
       "      <td>8.842552</td>\n",
       "      <td>1.114793</td>\n",
       "      <td>0.0</td>\n",
       "      <td>3.628039</td>\n",
       "      <td>14.828160</td>\n",
       "      <td>2.811385</td>\n",
       "      <td>2.003207</td>\n",
       "      <td>14.349641</td>\n",
       "      <td>12.393040</td>\n",
       "      <td>47.665606</td>\n",
       "      <td>4.154234</td>\n",
       "      <td>14.228421</td>\n",
       "      <td>7.440568</td>\n",
       "      <td>0.501028</td>\n",
       "    </tr>\n",
       "    <tr>\n",
       "      <th>min</th>\n",
       "      <td>1.000000</td>\n",
       "      <td>6.000000</td>\n",
       "      <td>2012.0</td>\n",
       "      <td>22.000000</td>\n",
       "      <td>21.000000</td>\n",
       "      <td>6.000000</td>\n",
       "      <td>0.000000</td>\n",
       "      <td>28.600000</td>\n",
       "      <td>0.700000</td>\n",
       "      <td>6.900000</td>\n",
       "      <td>0.000000</td>\n",
       "      <td>1.100000</td>\n",
       "      <td>0.000000</td>\n",
       "      <td>0.000000</td>\n",
       "    </tr>\n",
       "    <tr>\n",
       "      <th>25%</th>\n",
       "      <td>8.000000</td>\n",
       "      <td>7.000000</td>\n",
       "      <td>2012.0</td>\n",
       "      <td>30.000000</td>\n",
       "      <td>52.500000</td>\n",
       "      <td>14.000000</td>\n",
       "      <td>0.000000</td>\n",
       "      <td>71.850000</td>\n",
       "      <td>5.800000</td>\n",
       "      <td>12.350000</td>\n",
       "      <td>1.400000</td>\n",
       "      <td>6.000000</td>\n",
       "      <td>0.700000</td>\n",
       "      <td>0.000000</td>\n",
       "    </tr>\n",
       "    <tr>\n",
       "      <th>50%</th>\n",
       "      <td>16.000000</td>\n",
       "      <td>8.000000</td>\n",
       "      <td>2012.0</td>\n",
       "      <td>32.000000</td>\n",
       "      <td>63.000000</td>\n",
       "      <td>15.000000</td>\n",
       "      <td>0.000000</td>\n",
       "      <td>83.300000</td>\n",
       "      <td>11.300000</td>\n",
       "      <td>33.100000</td>\n",
       "      <td>3.500000</td>\n",
       "      <td>12.400000</td>\n",
       "      <td>4.200000</td>\n",
       "      <td>0.000000</td>\n",
       "    </tr>\n",
       "    <tr>\n",
       "      <th>75%</th>\n",
       "      <td>23.000000</td>\n",
       "      <td>8.000000</td>\n",
       "      <td>2012.0</td>\n",
       "      <td>35.000000</td>\n",
       "      <td>73.500000</td>\n",
       "      <td>17.000000</td>\n",
       "      <td>0.500000</td>\n",
       "      <td>88.300000</td>\n",
       "      <td>20.800000</td>\n",
       "      <td>69.100000</td>\n",
       "      <td>7.250000</td>\n",
       "      <td>22.650000</td>\n",
       "      <td>11.450000</td>\n",
       "      <td>1.000000</td>\n",
       "    </tr>\n",
       "    <tr>\n",
       "      <th>max</th>\n",
       "      <td>31.000000</td>\n",
       "      <td>9.000000</td>\n",
       "      <td>2012.0</td>\n",
       "      <td>42.000000</td>\n",
       "      <td>90.000000</td>\n",
       "      <td>29.000000</td>\n",
       "      <td>16.800000</td>\n",
       "      <td>96.000000</td>\n",
       "      <td>65.900000</td>\n",
       "      <td>220.400000</td>\n",
       "      <td>19.000000</td>\n",
       "      <td>68.000000</td>\n",
       "      <td>31.100000</td>\n",
       "      <td>1.000000</td>\n",
       "    </tr>\n",
       "  </tbody>\n",
       "</table>\n",
       "</div>"
      ],
      "text/plain": [
       "              day       month    year  Temperature          RH          Ws  \\\n",
       "count  243.000000  243.000000   243.0   243.000000  243.000000  243.000000   \n",
       "mean    15.761317    7.502058  2012.0    32.152263   62.041152   15.493827   \n",
       "std      8.842552    1.114793     0.0     3.628039   14.828160    2.811385   \n",
       "min      1.000000    6.000000  2012.0    22.000000   21.000000    6.000000   \n",
       "25%      8.000000    7.000000  2012.0    30.000000   52.500000   14.000000   \n",
       "50%     16.000000    8.000000  2012.0    32.000000   63.000000   15.000000   \n",
       "75%     23.000000    8.000000  2012.0    35.000000   73.500000   17.000000   \n",
       "max     31.000000    9.000000  2012.0    42.000000   90.000000   29.000000   \n",
       "\n",
       "             Rain        FFMC         DMC          DC         ISI         BUI  \\\n",
       "count  243.000000  243.000000  243.000000  243.000000  243.000000  243.000000   \n",
       "mean     0.762963   77.842387   14.680658   49.430864    4.742387   16.690535   \n",
       "std      2.003207   14.349641   12.393040   47.665606    4.154234   14.228421   \n",
       "min      0.000000   28.600000    0.700000    6.900000    0.000000    1.100000   \n",
       "25%      0.000000   71.850000    5.800000   12.350000    1.400000    6.000000   \n",
       "50%      0.000000   83.300000   11.300000   33.100000    3.500000   12.400000   \n",
       "75%      0.500000   88.300000   20.800000   69.100000    7.250000   22.650000   \n",
       "max     16.800000   96.000000   65.900000  220.400000   19.000000   68.000000   \n",
       "\n",
       "              FWI      Region  \n",
       "count  243.000000  243.000000  \n",
       "mean     7.035391    0.497942  \n",
       "std      7.440568    0.501028  \n",
       "min      0.000000    0.000000  \n",
       "25%      0.700000    0.000000  \n",
       "50%      4.200000    0.000000  \n",
       "75%     11.450000    1.000000  \n",
       "max     31.100000    1.000000  "
      ]
     },
     "execution_count": 7,
     "metadata": {},
     "output_type": "execute_result"
    }
   ],
   "source": [
    "df.describe()"
   ]
  },
  {
   "cell_type": "code",
   "execution_count": null,
   "id": "c9dbade6",
   "metadata": {},
   "outputs": [
    {
     "name": "stdout",
     "output_type": "stream",
     "text": [
      "1\n",
      "4\n",
      "31\n"
     ]
    }
   ],
   "source": [
    "print(df['year'].nunique())\n",
    "print(df['month'].nunique())\n",
    "print(df['day'].nunique())"
   ]
  },
  {
   "cell_type": "code",
   "execution_count": null,
   "id": "47a6a8d4",
   "metadata": {},
   "outputs": [],
   "source": [
    "df = df.drop(['day','month','year'], axis = 1)"
   ]
  },
  {
   "cell_type": "code",
   "execution_count": null,
   "id": "902f46aa",
   "metadata": {},
   "outputs": [
    {
     "data": {
      "text/plain": [
       "array(['not fire   ', 'fire   ', 'fire', 'fire ', 'not fire', 'not fire ',\n",
       "       'not fire     ', 'not fire    '], dtype=object)"
      ]
     },
     "execution_count": 10,
     "metadata": {},
     "output_type": "execute_result"
    }
   ],
   "source": [
    "df['Classes'].unique()"
   ]
  },
  {
   "cell_type": "code",
   "execution_count": null,
   "id": "911a2513",
   "metadata": {},
   "outputs": [],
   "source": [
    "df['Classes'] = df['Classes'].str.strip()\n",
    "df['Classes'] = np.where(df['Classes'].str.contains('not fire'),0,1)\n"
   ]
  },
  {
   "cell_type": "code",
   "execution_count": null,
   "id": "978ea534",
   "metadata": {},
   "outputs": [
    {
     "data": {
      "text/plain": [
       "array([0, 1])"
      ]
     },
     "execution_count": 12,
     "metadata": {},
     "output_type": "execute_result"
    }
   ],
   "source": [
    "df['Classes'].unique()"
   ]
  },
  {
   "cell_type": "code",
   "execution_count": null,
   "id": "c095b93a",
   "metadata": {},
   "outputs": [],
   "source": [
    "x=df.drop('FWI', axis = 1)\n",
    "y=df['FWI']"
   ]
  },
  {
   "cell_type": "code",
   "execution_count": null,
   "id": "67458ebc",
   "metadata": {},
   "outputs": [
    {
     "data": {
      "text/plain": [
       "((182, 11), (61, 11), (182,), (61,))"
      ]
     },
     "execution_count": 14,
     "metadata": {},
     "output_type": "execute_result"
    }
   ],
   "source": [
    "x_train, x_test, y_train, y_test = train_test_split(x, y, test_size = 0.25, random_state = 42)\n",
    "x_train.shape, x_test.shape, y_train.shape, y_test.shape"
   ]
  },
  {
   "cell_type": "code",
   "execution_count": null,
   "id": "e26fc8ad",
   "metadata": {},
   "outputs": [
    {
     "data": {
      "text/plain": [
       "Index([], dtype='object')"
      ]
     },
     "execution_count": 15,
     "metadata": {},
     "output_type": "execute_result"
    }
   ],
   "source": [
    "x_train.select_dtypes(include='object').columns"
   ]
  },
  {
   "cell_type": "code",
   "execution_count": null,
   "id": "7ee85a4d",
   "metadata": {},
   "outputs": [
    {
     "data": {
      "text/html": [
       "<div>\n",
       "<style scoped>\n",
       "    .dataframe tbody tr th:only-of-type {\n",
       "        vertical-align: middle;\n",
       "    }\n",
       "\n",
       "    .dataframe tbody tr th {\n",
       "        vertical-align: top;\n",
       "    }\n",
       "\n",
       "    .dataframe thead th {\n",
       "        text-align: right;\n",
       "    }\n",
       "</style>\n",
       "<table border=\"1\" class=\"dataframe\">\n",
       "  <thead>\n",
       "    <tr style=\"text-align: right;\">\n",
       "      <th></th>\n",
       "      <th>Temperature</th>\n",
       "      <th>RH</th>\n",
       "      <th>Ws</th>\n",
       "      <th>Rain</th>\n",
       "      <th>FFMC</th>\n",
       "      <th>DMC</th>\n",
       "      <th>DC</th>\n",
       "      <th>ISI</th>\n",
       "      <th>BUI</th>\n",
       "      <th>Classes</th>\n",
       "      <th>Region</th>\n",
       "    </tr>\n",
       "  </thead>\n",
       "  <tbody>\n",
       "    <tr>\n",
       "      <th>Temperature</th>\n",
       "      <td>1.000000</td>\n",
       "      <td>-0.656095</td>\n",
       "      <td>-0.305977</td>\n",
       "      <td>-0.317512</td>\n",
       "      <td>0.694768</td>\n",
       "      <td>0.498173</td>\n",
       "      <td>0.390684</td>\n",
       "      <td>0.629848</td>\n",
       "      <td>0.473609</td>\n",
       "      <td>0.542141</td>\n",
       "      <td>0.254549</td>\n",
       "    </tr>\n",
       "    <tr>\n",
       "      <th>RH</th>\n",
       "      <td>-0.656095</td>\n",
       "      <td>1.000000</td>\n",
       "      <td>0.225736</td>\n",
       "      <td>0.241656</td>\n",
       "      <td>-0.653023</td>\n",
       "      <td>-0.414601</td>\n",
       "      <td>-0.236078</td>\n",
       "      <td>-0.717804</td>\n",
       "      <td>-0.362317</td>\n",
       "      <td>-0.456876</td>\n",
       "      <td>-0.394665</td>\n",
       "    </tr>\n",
       "    <tr>\n",
       "      <th>Ws</th>\n",
       "      <td>-0.305977</td>\n",
       "      <td>0.225736</td>\n",
       "      <td>1.000000</td>\n",
       "      <td>0.251932</td>\n",
       "      <td>-0.190076</td>\n",
       "      <td>0.000379</td>\n",
       "      <td>0.096576</td>\n",
       "      <td>-0.023558</td>\n",
       "      <td>0.035633</td>\n",
       "      <td>-0.082570</td>\n",
       "      <td>-0.199969</td>\n",
       "    </tr>\n",
       "    <tr>\n",
       "      <th>Rain</th>\n",
       "      <td>-0.317512</td>\n",
       "      <td>0.241656</td>\n",
       "      <td>0.251932</td>\n",
       "      <td>1.000000</td>\n",
       "      <td>-0.545491</td>\n",
       "      <td>-0.289754</td>\n",
       "      <td>-0.302341</td>\n",
       "      <td>-0.345707</td>\n",
       "      <td>-0.300964</td>\n",
       "      <td>-0.369357</td>\n",
       "      <td>-0.059022</td>\n",
       "    </tr>\n",
       "    <tr>\n",
       "      <th>FFMC</th>\n",
       "      <td>0.694768</td>\n",
       "      <td>-0.653023</td>\n",
       "      <td>-0.190076</td>\n",
       "      <td>-0.545491</td>\n",
       "      <td>1.000000</td>\n",
       "      <td>0.620807</td>\n",
       "      <td>0.524101</td>\n",
       "      <td>0.750799</td>\n",
       "      <td>0.607210</td>\n",
       "      <td>0.781259</td>\n",
       "      <td>0.249514</td>\n",
       "    </tr>\n",
       "    <tr>\n",
       "      <th>DMC</th>\n",
       "      <td>0.498173</td>\n",
       "      <td>-0.414601</td>\n",
       "      <td>0.000379</td>\n",
       "      <td>-0.289754</td>\n",
       "      <td>0.620807</td>\n",
       "      <td>1.000000</td>\n",
       "      <td>0.868647</td>\n",
       "      <td>0.685656</td>\n",
       "      <td>0.983175</td>\n",
       "      <td>0.617273</td>\n",
       "      <td>0.212582</td>\n",
       "    </tr>\n",
       "    <tr>\n",
       "      <th>DC</th>\n",
       "      <td>0.390684</td>\n",
       "      <td>-0.236078</td>\n",
       "      <td>0.096576</td>\n",
       "      <td>-0.302341</td>\n",
       "      <td>0.524101</td>\n",
       "      <td>0.868647</td>\n",
       "      <td>1.000000</td>\n",
       "      <td>0.513701</td>\n",
       "      <td>0.942414</td>\n",
       "      <td>0.543581</td>\n",
       "      <td>-0.060838</td>\n",
       "    </tr>\n",
       "    <tr>\n",
       "      <th>ISI</th>\n",
       "      <td>0.629848</td>\n",
       "      <td>-0.717804</td>\n",
       "      <td>-0.023558</td>\n",
       "      <td>-0.345707</td>\n",
       "      <td>0.750799</td>\n",
       "      <td>0.685656</td>\n",
       "      <td>0.513701</td>\n",
       "      <td>1.000000</td>\n",
       "      <td>0.643818</td>\n",
       "      <td>0.742977</td>\n",
       "      <td>0.296441</td>\n",
       "    </tr>\n",
       "    <tr>\n",
       "      <th>BUI</th>\n",
       "      <td>0.473609</td>\n",
       "      <td>-0.362317</td>\n",
       "      <td>0.035633</td>\n",
       "      <td>-0.300964</td>\n",
       "      <td>0.607210</td>\n",
       "      <td>0.983175</td>\n",
       "      <td>0.942414</td>\n",
       "      <td>0.643818</td>\n",
       "      <td>1.000000</td>\n",
       "      <td>0.612239</td>\n",
       "      <td>0.114897</td>\n",
       "    </tr>\n",
       "    <tr>\n",
       "      <th>Classes</th>\n",
       "      <td>0.542141</td>\n",
       "      <td>-0.456876</td>\n",
       "      <td>-0.082570</td>\n",
       "      <td>-0.369357</td>\n",
       "      <td>0.781259</td>\n",
       "      <td>0.617273</td>\n",
       "      <td>0.543581</td>\n",
       "      <td>0.742977</td>\n",
       "      <td>0.612239</td>\n",
       "      <td>1.000000</td>\n",
       "      <td>0.188837</td>\n",
       "    </tr>\n",
       "    <tr>\n",
       "      <th>Region</th>\n",
       "      <td>0.254549</td>\n",
       "      <td>-0.394665</td>\n",
       "      <td>-0.199969</td>\n",
       "      <td>-0.059022</td>\n",
       "      <td>0.249514</td>\n",
       "      <td>0.212582</td>\n",
       "      <td>-0.060838</td>\n",
       "      <td>0.296441</td>\n",
       "      <td>0.114897</td>\n",
       "      <td>0.188837</td>\n",
       "      <td>1.000000</td>\n",
       "    </tr>\n",
       "  </tbody>\n",
       "</table>\n",
       "</div>"
      ],
      "text/plain": [
       "             Temperature        RH        Ws      Rain      FFMC       DMC  \\\n",
       "Temperature     1.000000 -0.656095 -0.305977 -0.317512  0.694768  0.498173   \n",
       "RH             -0.656095  1.000000  0.225736  0.241656 -0.653023 -0.414601   \n",
       "Ws             -0.305977  0.225736  1.000000  0.251932 -0.190076  0.000379   \n",
       "Rain           -0.317512  0.241656  0.251932  1.000000 -0.545491 -0.289754   \n",
       "FFMC            0.694768 -0.653023 -0.190076 -0.545491  1.000000  0.620807   \n",
       "DMC             0.498173 -0.414601  0.000379 -0.289754  0.620807  1.000000   \n",
       "DC              0.390684 -0.236078  0.096576 -0.302341  0.524101  0.868647   \n",
       "ISI             0.629848 -0.717804 -0.023558 -0.345707  0.750799  0.685656   \n",
       "BUI             0.473609 -0.362317  0.035633 -0.300964  0.607210  0.983175   \n",
       "Classes         0.542141 -0.456876 -0.082570 -0.369357  0.781259  0.617273   \n",
       "Region          0.254549 -0.394665 -0.199969 -0.059022  0.249514  0.212582   \n",
       "\n",
       "                   DC       ISI       BUI   Classes    Region  \n",
       "Temperature  0.390684  0.629848  0.473609  0.542141  0.254549  \n",
       "RH          -0.236078 -0.717804 -0.362317 -0.456876 -0.394665  \n",
       "Ws           0.096576 -0.023558  0.035633 -0.082570 -0.199969  \n",
       "Rain        -0.302341 -0.345707 -0.300964 -0.369357 -0.059022  \n",
       "FFMC         0.524101  0.750799  0.607210  0.781259  0.249514  \n",
       "DMC          0.868647  0.685656  0.983175  0.617273  0.212582  \n",
       "DC           1.000000  0.513701  0.942414  0.543581 -0.060838  \n",
       "ISI          0.513701  1.000000  0.643818  0.742977  0.296441  \n",
       "BUI          0.942414  0.643818  1.000000  0.612239  0.114897  \n",
       "Classes      0.543581  0.742977  0.612239  1.000000  0.188837  \n",
       "Region      -0.060838  0.296441  0.114897  0.188837  1.000000  "
      ]
     },
     "execution_count": 16,
     "metadata": {},
     "output_type": "execute_result"
    }
   ],
   "source": [
    "x_train.corr()"
   ]
  },
  {
   "cell_type": "code",
   "execution_count": null,
   "id": "621f46e0",
   "metadata": {},
   "outputs": [
    {
     "data": {
      "text/html": [
       "<div>\n",
       "<style scoped>\n",
       "    .dataframe tbody tr th:only-of-type {\n",
       "        vertical-align: middle;\n",
       "    }\n",
       "\n",
       "    .dataframe tbody tr th {\n",
       "        vertical-align: top;\n",
       "    }\n",
       "\n",
       "    .dataframe thead th {\n",
       "        text-align: right;\n",
       "    }\n",
       "</style>\n",
       "<table border=\"1\" class=\"dataframe\">\n",
       "  <thead>\n",
       "    <tr style=\"text-align: right;\">\n",
       "      <th></th>\n",
       "      <th>Temperature</th>\n",
       "      <th>RH</th>\n",
       "      <th>Ws</th>\n",
       "      <th>Rain</th>\n",
       "      <th>FFMC</th>\n",
       "      <th>DMC</th>\n",
       "      <th>DC</th>\n",
       "      <th>ISI</th>\n",
       "      <th>BUI</th>\n",
       "      <th>Classes</th>\n",
       "      <th>Region</th>\n",
       "    </tr>\n",
       "  </thead>\n",
       "  <tbody>\n",
       "    <tr>\n",
       "      <th>Temperature</th>\n",
       "      <td>1.000000</td>\n",
       "      <td>-0.656095</td>\n",
       "      <td>-0.305977</td>\n",
       "      <td>-0.317512</td>\n",
       "      <td>0.694768</td>\n",
       "      <td>0.498173</td>\n",
       "      <td>0.390684</td>\n",
       "      <td>0.629848</td>\n",
       "      <td>0.473609</td>\n",
       "      <td>0.542141</td>\n",
       "      <td>0.254549</td>\n",
       "    </tr>\n",
       "    <tr>\n",
       "      <th>RH</th>\n",
       "      <td>-0.656095</td>\n",
       "      <td>1.000000</td>\n",
       "      <td>0.225736</td>\n",
       "      <td>0.241656</td>\n",
       "      <td>-0.653023</td>\n",
       "      <td>-0.414601</td>\n",
       "      <td>-0.236078</td>\n",
       "      <td>-0.717804</td>\n",
       "      <td>-0.362317</td>\n",
       "      <td>-0.456876</td>\n",
       "      <td>-0.394665</td>\n",
       "    </tr>\n",
       "    <tr>\n",
       "      <th>Ws</th>\n",
       "      <td>-0.305977</td>\n",
       "      <td>0.225736</td>\n",
       "      <td>1.000000</td>\n",
       "      <td>0.251932</td>\n",
       "      <td>-0.190076</td>\n",
       "      <td>0.000379</td>\n",
       "      <td>0.096576</td>\n",
       "      <td>-0.023558</td>\n",
       "      <td>0.035633</td>\n",
       "      <td>-0.082570</td>\n",
       "      <td>-0.199969</td>\n",
       "    </tr>\n",
       "    <tr>\n",
       "      <th>Rain</th>\n",
       "      <td>-0.317512</td>\n",
       "      <td>0.241656</td>\n",
       "      <td>0.251932</td>\n",
       "      <td>1.000000</td>\n",
       "      <td>-0.545491</td>\n",
       "      <td>-0.289754</td>\n",
       "      <td>-0.302341</td>\n",
       "      <td>-0.345707</td>\n",
       "      <td>-0.300964</td>\n",
       "      <td>-0.369357</td>\n",
       "      <td>-0.059022</td>\n",
       "    </tr>\n",
       "    <tr>\n",
       "      <th>FFMC</th>\n",
       "      <td>0.694768</td>\n",
       "      <td>-0.653023</td>\n",
       "      <td>-0.190076</td>\n",
       "      <td>-0.545491</td>\n",
       "      <td>1.000000</td>\n",
       "      <td>0.620807</td>\n",
       "      <td>0.524101</td>\n",
       "      <td>0.750799</td>\n",
       "      <td>0.607210</td>\n",
       "      <td>0.781259</td>\n",
       "      <td>0.249514</td>\n",
       "    </tr>\n",
       "    <tr>\n",
       "      <th>DMC</th>\n",
       "      <td>0.498173</td>\n",
       "      <td>-0.414601</td>\n",
       "      <td>0.000379</td>\n",
       "      <td>-0.289754</td>\n",
       "      <td>0.620807</td>\n",
       "      <td>1.000000</td>\n",
       "      <td>0.868647</td>\n",
       "      <td>0.685656</td>\n",
       "      <td>0.983175</td>\n",
       "      <td>0.617273</td>\n",
       "      <td>0.212582</td>\n",
       "    </tr>\n",
       "    <tr>\n",
       "      <th>DC</th>\n",
       "      <td>0.390684</td>\n",
       "      <td>-0.236078</td>\n",
       "      <td>0.096576</td>\n",
       "      <td>-0.302341</td>\n",
       "      <td>0.524101</td>\n",
       "      <td>0.868647</td>\n",
       "      <td>1.000000</td>\n",
       "      <td>0.513701</td>\n",
       "      <td>0.942414</td>\n",
       "      <td>0.543581</td>\n",
       "      <td>-0.060838</td>\n",
       "    </tr>\n",
       "    <tr>\n",
       "      <th>ISI</th>\n",
       "      <td>0.629848</td>\n",
       "      <td>-0.717804</td>\n",
       "      <td>-0.023558</td>\n",
       "      <td>-0.345707</td>\n",
       "      <td>0.750799</td>\n",
       "      <td>0.685656</td>\n",
       "      <td>0.513701</td>\n",
       "      <td>1.000000</td>\n",
       "      <td>0.643818</td>\n",
       "      <td>0.742977</td>\n",
       "      <td>0.296441</td>\n",
       "    </tr>\n",
       "    <tr>\n",
       "      <th>BUI</th>\n",
       "      <td>0.473609</td>\n",
       "      <td>-0.362317</td>\n",
       "      <td>0.035633</td>\n",
       "      <td>-0.300964</td>\n",
       "      <td>0.607210</td>\n",
       "      <td>0.983175</td>\n",
       "      <td>0.942414</td>\n",
       "      <td>0.643818</td>\n",
       "      <td>1.000000</td>\n",
       "      <td>0.612239</td>\n",
       "      <td>0.114897</td>\n",
       "    </tr>\n",
       "    <tr>\n",
       "      <th>Classes</th>\n",
       "      <td>0.542141</td>\n",
       "      <td>-0.456876</td>\n",
       "      <td>-0.082570</td>\n",
       "      <td>-0.369357</td>\n",
       "      <td>0.781259</td>\n",
       "      <td>0.617273</td>\n",
       "      <td>0.543581</td>\n",
       "      <td>0.742977</td>\n",
       "      <td>0.612239</td>\n",
       "      <td>1.000000</td>\n",
       "      <td>0.188837</td>\n",
       "    </tr>\n",
       "    <tr>\n",
       "      <th>Region</th>\n",
       "      <td>0.254549</td>\n",
       "      <td>-0.394665</td>\n",
       "      <td>-0.199969</td>\n",
       "      <td>-0.059022</td>\n",
       "      <td>0.249514</td>\n",
       "      <td>0.212582</td>\n",
       "      <td>-0.060838</td>\n",
       "      <td>0.296441</td>\n",
       "      <td>0.114897</td>\n",
       "      <td>0.188837</td>\n",
       "      <td>1.000000</td>\n",
       "    </tr>\n",
       "  </tbody>\n",
       "</table>\n",
       "</div>"
      ],
      "text/plain": [
       "             Temperature        RH        Ws      Rain      FFMC       DMC  \\\n",
       "Temperature     1.000000 -0.656095 -0.305977 -0.317512  0.694768  0.498173   \n",
       "RH             -0.656095  1.000000  0.225736  0.241656 -0.653023 -0.414601   \n",
       "Ws             -0.305977  0.225736  1.000000  0.251932 -0.190076  0.000379   \n",
       "Rain           -0.317512  0.241656  0.251932  1.000000 -0.545491 -0.289754   \n",
       "FFMC            0.694768 -0.653023 -0.190076 -0.545491  1.000000  0.620807   \n",
       "DMC             0.498173 -0.414601  0.000379 -0.289754  0.620807  1.000000   \n",
       "DC              0.390684 -0.236078  0.096576 -0.302341  0.524101  0.868647   \n",
       "ISI             0.629848 -0.717804 -0.023558 -0.345707  0.750799  0.685656   \n",
       "BUI             0.473609 -0.362317  0.035633 -0.300964  0.607210  0.983175   \n",
       "Classes         0.542141 -0.456876 -0.082570 -0.369357  0.781259  0.617273   \n",
       "Region          0.254549 -0.394665 -0.199969 -0.059022  0.249514  0.212582   \n",
       "\n",
       "                   DC       ISI       BUI   Classes    Region  \n",
       "Temperature  0.390684  0.629848  0.473609  0.542141  0.254549  \n",
